<?xml version="1.0"?>
<opencv_storage>
<images type_id="opencv-matrix">
  <rows>23</rows>
  <cols>600</cols>
  <dt>f</dt>
  <data>
    0. 0. 0. 0. 0. 134. 255. 255. 255. 255. 255. 255. 255. 255. 255.
    248. 108. 0. 0. 0. 0. 0. 0. 16. 37. 152. 255. 255. 255. 255. 255.
    255. 255. 255. 255. 249. 130. 33. 12. 0. 0. 0. 0. 63. 145. 204. 255.
    255. 255. 255. 255. 255. 255. 255. 255. 252. 194. 130. 48. 0. 0. 1.
    4. 111. 249. 255. 255. 255. 254. 252. 251. 251. 252. 255. 255. 255.
    255. 223. 86. 4. 0. 37. 100. 174. 251. 255. 255. 255. 235. 172. 140.
    140. 183. 246. 255. 255. 255. 237. 160. 115. 0. 73. 197. 238. 254.
    255. 255. 255. 216. 92. 30. 30. 114. 238. 255. 255. 255. 251. 235.
    225. 0. 83. 223. 255. 255. 255. 249. 204. 144. 48. 0. 0. 65. 161.
    212. 255. 255. 255. 255. 255. 0. 83. 223. 255. 255. 255. 241. 135.
    53. 18. 0. 0. 24. 59. 155. 255. 255. 255. 255. 255. 0. 83. 223. 255.
    255. 255. 236. 96. 0. 0. 0. 0. 0. 0. 121. 255. 255. 255. 255. 255.
    0. 83. 223. 255. 255. 255. 236. 95. 0. 0. 0. 0. 0. 0. 121. 255. 255.
    255. 255. 255. 0. 83. 223. 255. 255. 255. 237. 103. 13. 13. 13. 13.
    13. 13. 128. 255. 255. 255. 255. 255. 0. 83. 223. 255. 255. 255.
    245. 173. 123. 123. 123. 123. 123. 123. 186. 255. 255. 255. 255.
    255. 0. 83. 223. 255. 255. 255. 253. 241. 234. 234. 234. 234. 234.
    234. 244. 255. 255. 255. 255. 255. 89. 143. 234. 255. 255. 255. 255.
    255. 255. 255. 255. 255. 255. 255. 255. 255. 255. 255. 255. 255.
    200. 217. 248. 255. 255. 255. 255. 255. 255. 255. 255. 255. 255.
    255. 255. 255. 255. 255. 255. 255. 200. 217. 248. 255. 255. 255.
    251. 220. 200. 200. 200. 200. 200. 200. 200. 200. 200. 200. 200.
    200. 89. 143. 234. 255. 255. 255. 243. 151. 89. 89. 89. 89. 89. 89.
    89. 89. 89. 89. 89. 89. 0. 83. 223. 255. 255. 255. 236. 95. 0. 0. 0.
    0. 0. 0. 0. 0. 0. 0. 0. 0. 0. 83. 223. 255. 255. 255. 236. 95. 0. 0.
    0. 0. 0. 0. 0. 0. 0. 0. 0. 0. 0. 83. 223. 255. 255. 255. 236. 96. 0.
    0. 0. 0. 0. 0. 0. 0. 0. 0. 0. 0. 0. 83. 223. 255. 255. 255. 243.
    156. 98. 98. 71. 17. 0. 0. 46. 98. 98. 86. 32. 0. 0. 83. 223. 255.
    255. 255. 251. 226. 208. 208. 151. 36. 0. 0. 99. 208. 208. 182. 68.
    0. 0. 62. 167. 218. 253. 255. 255. 255. 255. 255. 202. 97. 64. 64.
    155. 255. 255. 231. 126. 64. 0. 26. 71. 155. 251. 255. 255. 255.
    255. 255. 233. 188. 174. 174. 212. 255. 255. 245. 200. 174. 0. 0. 0.
    96. 220. 241. 255. 255. 255. 255. 255. 255. 255. 255. 255. 255. 255.
    255. 255. 255. 0. 0. 0. 49. 112. 188. 255. 255. 255. 255. 255. 255.
    255. 255. 255. 255. 255. 255. 255. 255. 0. 0. 0. 2. 4. 136. 255.
    255. 255. 255. 255. 255. 255. 255. 255. 255. 255. 255. 255. 255. 0.
    0. 0. 0. 0. 78. 149. 149. 149. 149. 178. 236. 255. 255. 255. 252.
    194. 149. 149. 149. 0. 0. 0. 0. 0. 20. 38. 38. 38. 38. 98. 217. 255.
    255. 255. 249. 130. 38. 38. 38. 0. 0. 0. 0. 0. 0. 0. 0. 0. 0. 70.
    210. 255. 255. 255. 248. 108. 0. 0. 0. 0. 0. 0. 0. 0. 0. 19. 159.
    255. 255. 185. 44. 0. 0. 0. 0. 0. 0. 0. 0. 0. 12. 33. 38. 38. 38.
    54. 173. 255. 255. 195. 76. 38. 38. 38. 37. 16. 0. 0. 0. 0. 48. 130.
    149. 149. 149. 157. 215. 255. 255. 226. 167. 149. 149. 149. 145. 63.
    0. 0. 0. 0. 83. 223. 255. 255. 255. 255. 255. 255. 255. 255. 255.
    255. 255. 255. 249. 108. 0. 0. 0. 0. 83. 223. 255. 255. 255. 255.
    255. 255. 255. 255. 255. 255. 255. 255. 248. 108. 0. 0. 0. 0. 83.
    223. 255. 255. 255. 255. 255. 255. 255. 255. 255. 255. 255. 255.
    249. 108. 0. 0. 0. 0. 57. 152. 208. 253. 255. 249. 204. 174. 174.
    196. 241. 255. 255. 255. 251. 155. 71. 26. 0. 0. 21. 56. 145. 250.
    255. 241. 135. 64. 64. 116. 222. 255. 255. 255. 253. 218. 167. 62.
    0. 0. 0. 0. 88. 203. 208. 193. 78. 0. 0. 70. 210. 255. 255. 255.
    255. 255. 223. 83. 0. 0. 0. 0. 42. 95. 98. 90. 37. 0. 0. 70. 210.
    255. 255. 255. 255. 255. 223. 83. 0. 0. 0. 0. 0. 0. 0. 0. 0. 2. 9.
    79. 212. 255. 255. 255. 255. 255. 223. 83. 0. 0. 0. 0. 0. 0. 0. 0.
    0. 22. 89. 159. 232. 255. 255. 255. 255. 255. 223. 83. 0. 0. 0. 0.
    0. 0. 0. 0. 0. 41. 169. 239. 251. 255. 255. 255. 255. 255. 223. 83.
    0. 0. 29. 78. 89. 89. 89. 89. 89. 118. 209. 255. 255. 255. 255. 255.
    255. 255. 223. 83. 0. 0. 65. 175. 200. 200. 200. 200. 200. 209. 240.
    255. 255. 255. 255. 255. 255. 255. 223. 83. 0. 0. 83. 223. 255. 255.
    255. 251. 220. 200. 200. 200. 200. 220. 251. 255. 255. 255. 223. 83.
    0. 0. 83. 223. 255. 255. 255. 243. 151. 89. 89. 89. 89. 151. 243.
    255. 255. 255. 223. 83. 0. 21. 97. 226. 255. 255. 255. 236. 95. 0.
    0. 0. 0. 95. 236. 255. 255. 255. 223. 83. 0. 132. 172. 239. 255.
    255. 255. 236. 95. 0. 0. 0. 0. 95. 236. 255. 255. 255. 223. 83. 0.
    242. 246. 253. 255. 255. 255. 236. 96. 0. 0. 0. 0. 96. 236. 255.
    255. 255. 223. 83. 0. 255. 255. 255. 255. 255. 255. 236. 95. 0. 0.
    0. 0. 95. 236. 255. 255. 255. 223. 83. 0. 255. 255. 255. 255. 255.
    255. 236. 96. 0. 0. 0. 0. 96. 236. 255. 255. 255. 223. 83. 0. 255.
    255. 255. 255. 255. 255. 236. 95. 0. 0. 18. 53. 135. 241. 255. 255.
    255. 223. 83. 0. 255. 255. 255. 255. 255. 255. 236. 96. 0. 0. 48.
    144. 204. 249. 255. 255. 255. 223. 83. 0. 225. 235. 251. 255. 255.
    255. 238. 114. 30. 30. 92. 216. 255. 255. 255. 255. 255. 227. 103.
    30. 115. 160. 237. 255. 255. 255. 246. 183. 140. 140. 172. 235. 255.
    255. 255. 255. 255. 240. 177. 140. 4. 86. 223. 255. 255. 255. 255.
    252. 251. 251. 252. 254. 255. 255. 255. 255. 255. 254. 252. 251. 0.
    83. 223. 255. 255. 255. 255. 255. 255. 255. 255. 255. 255. 255. 255.
    255. 255. 242. 183. 149. 0. 83. 223. 255. 255. 255. 255. 255. 255.
    255. 255. 255. 255. 255. 255. 255. 255. 228. 108. 38. 0. 83. 223.
    255. 255. 255. 255. 255. 255. 255. 255. 255. 255. 255. 255. 255.
    255. 223. 83. 0. 0. 0. 0. 0. 0. 0. 0. 0. 0. 0. 57. 172. 255. 255.
    255. 255. 255. 159. 44. 0. 0. 0. 0. 0. 0. 0. 22. 45. 51. 51. 97.
    189. 255. 255. 255. 255. 255. 178. 87. 51. 0. 0. 0. 0. 0. 0. 72.
    149. 170. 170. 189. 227. 255. 255. 255. 255. 255. 223. 185. 170. 0.
    6. 21. 34. 34. 34. 128. 227. 255. 255. 255. 255. 255. 255. 255. 255.
    255. 255. 255. 255. 0. 27. 96. 153. 153. 153. 196. 242. 255. 255.
    255. 255. 255. 255. 255. 255. 255. 255. 255. 255. 0. 44. 159. 255.
    255. 255. 255. 255. 255. 255. 255. 255. 255. 255. 255. 255. 255.
    255. 255. 255. 0. 45. 159. 255. 255. 255. 255. 255. 255. 255. 255.
    255. 255. 255. 255. 255. 255. 255. 255. 255. 0. 45. 159. 255. 255.
    255. 255. 255. 255. 255. 255. 255. 255. 255. 255. 255. 255. 255.
    255. 255. 119. 143. 204. 255. 255. 255. 255. 255. 216. 163. 136.
    136. 136. 136. 136. 136. 136. 136. 136. 136. 238. 241. 248. 255.
    255. 255. 255. 255. 178. 71. 17. 17. 17. 17. 17. 17. 17. 17. 17. 17.
    255. 255. 255. 255. 255. 255. 212. 166. 103. 34. 0. 0. 0. 0. 0. 0.
    0. 0. 0. 0. 255. 255. 255. 255. 255. 255. 161. 61. 23. 8. 0. 0. 0.
    0. 0. 0. 0. 0. 0. 0. 255. 255. 255. 255. 255. 255. 147. 32. 0. 0. 0.
    0. 0. 0. 0. 0. 0. 0. 0. 0. 255. 255. 255. 255. 255. 255. 147. 32. 0.
    0. 0. 0. 0. 0. 0. 0. 0. 0. 0. 0. 255. 255. 255. 255. 255. 255. 147.
    32. 0. 0. 0. 0. 0. 0. 0. 0. 0. 0. 0. 0. 255. 255. 255. 255. 255.
    255. 147. 32. 0. 0. 0. 0. 0. 0. 0. 0. 0. 0. 0. 0. 255. 255. 255.
    255. 255. 255. 147. 32. 0. 0. 0. 0. 0. 0. 0. 0. 0. 0. 0. 0. 255.
    255. 255. 255. 255. 255. 147. 32. 0. 0. 0. 0. 0. 0. 0. 0. 0. 0. 0.
    0. 255. 255. 255. 255. 255. 255. 161. 61. 23. 8. 0. 0. 0. 0. 0. 0.
    0. 0. 0. 0. 255. 255. 255. 255. 255. 255. 212. 166. 103. 34. 0. 0.
    0. 0. 0. 0. 0. 0. 0. 0. 255. 255. 255. 255. 255. 255. 255. 255. 178.
    71. 17. 17. 17. 17. 17. 17. 17. 17. 17. 17. 255. 255. 255. 255. 255.
    255. 255. 255. 216. 163. 136. 136. 136. 136. 136. 136. 136. 136.
    136. 136. 255. 255. 255. 255. 255. 255. 255. 255. 255. 255. 255.
    255. 255. 255. 255. 255. 255. 255. 255. 255. 136. 157. 210. 255.
    255. 255. 255. 255. 255. 255. 255. 255. 255. 255. 255. 255. 255.
